0
1
2
3
4
5
6
7
8
9
10
11
12
13
14
15
16
17
18
19
20
21
22
23
24
25
26
27
28
29
30
31
32
33
34
35
36
37
38
39
40
41
42
43
44
45
46
47
48
49
50
51
52
53
54
55
56
57
58
59
60
61
62
63
64
65
66
67
68
69
70
71
72
73
74
75
76
77
78
79
80
81
82
83
84
85
86
87
88
89
90
91
92
93
94
95
96
97
98
99
100
98.7
81.1
99.7
81.7
97.9
1.6
8.6
34.9
48.3
18.7
59.5
96.2
98.5
58.2
65.4
77.1
65.8
70.7
80.3
19.2
41.3
98.6
78.2
29.1
85.3
4.6
78.0
52.3
52.1
10.5
68.3
25.3
30.2
0.0
83.9
73.7
42.3
94.6
38.4
43.5
68.9
51.8
10.7
2.2
20.4
80.0
19.3
10.4
42.4
16.3
32.7
80.8
50.7
85.2
11.9
48.0
80.7
21.9
82.9
71.3
40.1
93.9
69.8
0.9
97.2
45.5
23.3
38.7
63.8
98.8
45.4
61.0
58.7
70.1
47.9
49.7
31.6
67.6
86.5
13.8
42.3
92.1
38.3
3.7
8.3
31.6
86.6
92.9
34.3
5.3
14.9
39.5
43.3
54.2
87.8
87.8
60.3
29.7
14.9
35.1
72.6
6.0
58.0
55.2
34.4
33.4
82.3
94.3
75.5
99.0
90.9
40.4
99.4
71.0
49.2
77.0
46.7
66.8
19.0
82.0
25.9
96.3
38.9
81.2
77.7
5.3
97.1
57.7
97.9
68.5
74.4
73.8
78.3
92.6
27.4
22.0
19.6
97.9
36.7
3.6
80.4
40.4
40.3
45.3
98.1
74.3
83.1
99.4
86.4
69.6
41.3
98.7
33.0
73.4
1.9
44.1
11.3
95.2
17.7
61.9
80.1
35.3
73.0
3.3
6.7
26.1
17.1
89.9
8.1
42.0
32.9
32.1
20.3
74.1
12.0
33.7
44.9
98.4
6.5
59.2
72.8
11.2
4.0
26.4
37.3
63.5
80.0
35.9
68.1
96.4
77.9
68.3
87.3
0.1
69.9
9.2
12.4
94.5
47.9
61.3
63.4
8.1
87.8
23.0
20.9
87.3
9.6
31.7
64.4
80.1
86.7
69.1
96.3
91.4
6.7
35.3
37.5
67.4
71.4
26.0
23.0
2.4
87.1
57.0
63.0
91.4
60.5
13.1
88.8
31.0
82.7
50.0
59.6
4.2
9.6
8.2
89.0
86.8
64.5
7.3
13.0
26.6
6.5
33.9
22.7
83.6
78.4
52.2
39.1
95.4
20.8
81.3
61.4
37.3
8.0
73.7
83.1
18.8
53.2
28.1
31.6
98.2
33.6
0.2
52.2
63.7
67.3
33.6
63.9
89.2
57.7
78.8
30.6
65.8
16.5
18.6
82.6
41.7
13.8
32.5
80.6
23.3
47.4
51.8
89.6
3.0
94.4
94.9
40.7
23.2
39.4
97.5
26.8
68.6
42.4
64.6
68.2
94.7
65.4
79.1
79.1
11.9
77.1
98.4
92.8
15.5
14.7
84.5
92.5
80.5
49.4
40.5
90.2
44.3
24.8
69.1
17.5
93.9
86.4
90.3
42.8
77.5
91.5
27.8
25.5
41.1
79.8
23.2
41.8
3.5
26.3
2.8
78.3
61.8
60.1
39.4
43.5
95.5
76.3
20.1
47.2
7.3
22.9
73.4
40.6
66.9
70.2
2.9
85.6
60.1
50.3
44.2
38.4
68.5
70.3
84.8
95.4
4.4
7.3
34.1
8.2
92.3
34.1
5.4
77.0
83.6
3.8
81.5
52.5
19.8
9.6
33.5
16.1
36.3
26.1
85.7
98.3
43.5
98.2
64.6
48.2
40.2
14.3
96.1
27.8
39.5
91.0
20.4
81.5
81.2
65.4
75.6
27.7
39.1
77.6
71.5
0.8
47.2
29.0
98.6
63.6
67.9
22.7
66.9
35.8
12.3
64.3
62.1
60.6
23.7
17.5
49.2
64.1
35.7
18.7
99.0
60.3
53.1
30.0
83.1
82.6
36.6
23.0
85.0
71.6
31.5
51.3
38.2
54.5
56.1
9.1
74.6
32.5
33.7
0.9
92.1
7.8
95.2
24.2
88.6
66.5
80.1
20.7
95.9
20.2
44.5
16.8
54.3
41.0
81.8
10.0
49.6
81.1
3.9
57.9
20.6
29.5
26.4
5.7
36.1
22.5
67.9
95.7
5.6
79.7
30.3
97.4
7.2
58.6
4.5
57.7
74.6
36.6
39.9
69.9
30.0
2.4
36.7
96.9
9.1
94.4
35.2
29.6
70.3
87.1
94.5
27.2
64.4
71.5
82.3
35.7
93.8
46.9
39.8
77.5
68.9
40.5
61.5
3.5
40.9
12.8
97.3
9.3
85.7
17.1
79.5
54.7
74.5
68.4
96.8
72.2
83.3
11.9
5.8
51.3
0.0
86.2
40.7
57.2
57.9
57.9
52.0
60.0
47.2
19.2
25.0
25.8
94.5
97.8
97.3
82.1
72.1
97.5
35.8
52.2
78.2
34.0
13.3
68.6
83.2
28.7
90.1
79.7
10.4
53.4
51.8
70.7
31.1
37.2
77.4
88.4
96.1
6.2
82.5
89.9
9.4
61.3
79.9
63.3
80.3
20.6
8.2
27.1
60.3
13.4
68.7
82.6
44.5
94.7
42.3
1.4
36.2
45.8
3.5
30.8
27.5
26.2
33.5
62.3
81.7
60.4
13.5
82.0
38.2
62.0
9.4
70.7
99.9
45.2
40.1
21.3
35.9
60.9
84.8
87.6
76.1
71.8
41.8
4.5
71.3
61.7
79.5
19.1
85.5
29.9
31.6
94.9
98.6
64.3
65.8
39.4
4.9
84.8
49.0
9.8
19.0
94.7
78.6
68.0
81.9
40.2
26.1
82.0
36.5
16.2
19.9
14.1
87.9
98.2
45.7
10.2
13.4
63.2
68.9
10.7
25.0
98.1
5.8
21.0
25.0
66.7
39.6
43.2
26.3
28.7
71.5
41.6
57.9
32.1
18.0
73.3
20.9
56.4
95.4
56.2
12.2
80.7
70.8
72.8
48.1
88.6
96.0
14.5
66.2
18.4
37.8
73.0
42.4
69.5
39.4
84.2
77.9
10.2
23.0
36.2
34.8
5.4
69.3
13.6
16.1
73.7
77.2
56.5
87.2
96.2
78.3
89.3
38.5
55.0
61.5
74.3
99.8
63.3
3.0
45.8
52.2
14.7
76.2
28.6
91.4
99.1
64.3
96.9
80.5
52.7
46.4
56.4
81.3
55.1
32.7
20.6
37.5
37.5
81.8
41.6
44.5
45.3
65.5
32.9
1.4
77.9
45.9
83.0
76.6
4.6
93.5
61.8
53.2
75.5
20.7
30.5
75.7
9.6
68.6
93.7
14.3
27.8
98.6
16.1
92.3
86.8
67.9
90.7
35.9
55.7
19.0
62.6
47.3
50.7
68.1
69.4
48.8
42.1
63.1
29.5
3.4
55.6
65.0
87.0
85.8
87.4
18.4
42.1
84.0
21.4
92.4
30.3
22.2
38.1
70.9
38.8
76.8
99.8
84.8
65.3
31.6
83.4
88.8
35.4
40.7
86.2
78.4
45.6
13.2
4.3
77.5
44.6
16.7
3.7
56.8
45.1
69.6
97.5
30.0
85.1
57.4
73.0
99.8
44.5
62.3
58.0
11.3
2.6
40.1
97.9
42.9
81.1
86.8
91.2
88.7
38.1
76.8
65.1
97.4
88.6
0.2
10.6
55.0
85.7
17.5
76.6
12.5
65.0
78.1
84.1
61.7
70.9
81.3
47.6
7.9
68.9
2.6
76.1
19.5
12.4
45.4
49.2
48.6
73.0
45.0
31.7
43.6
57.6
73.0
66.9
11.2
67.1
28.0
12.4
19.3
56.6
72.6
63.4
28.5
87.2
63.8
41.9
35.3
74.8
59.9
50.1
28.5
37.2
65.3
74.9
14.0
39.6
82.2
6.9
99.8
68.3
63.7
28.7
56.6
64.9
75.4
51.7
93.0
43.6
43.3
40.3
18.1
13.1
76.6
94.1
50.4
65.1
40.5
84.9
94.9
72.1
68.2
11.4
95.6
8.4
42.4
23.3
19.0
50.0
92.1
38.7
35.4
8.7
60.0
13.4
99.2
33.2
50.4
46.6
81.4
58.3
7.9
41.7
85.5
47.0
93.1
84.2
11.4
76.5
59.3
13.2
78.3
83.5
22.4
40.3
90.8
51.5
71.9
14.8
48.8
2.7
16.8
2.5
96.4
50.0
96.3
17.3
50.8
90.9
60.5
42.0
74.3
35.0
35.2
49.1
33.5
20.3
17.7
30.7
73.3
59.1
52.4
31.5
57.7
79.4
53.0
97.8
90.1
81.9
60.7
41.5
62.4
48.7
1.2
6.5
94.3
39.8
75.9
16.2
56.7
72.3
76.0
56.1
10.1
34.6
68.5
10.1
28.9
72.5
32.6
34.3
49.9
35.0
93.6
11.8
48.2
35.5
79.0
70.9
13.4
26.2
35.4
96.0
83.6
34.9
9.7
28.5
67.7
78.3
89.8
