95.00 4.00 81.51 3.50 76.00 3.00 70.50 2.50 66.00 2.00 57.14 1.50 49.50 0.99 24.50 0.49
94.63 3.99 81.38 3.49 75.87 2.99 70.43 2.49 65.80 1.99 57.00 1.49 49.00 0.98 24.00 0.48
94.27 3.98 81.25 3.48 75.73 2.98 70.35 2.48 65.60 1.98 56.86 1.48 48.50 0.97 23.50 0.47
93.90 3.97 81.13 3.47 75.60 2.97 70.28 2.47 65.40 1.97 56.71 1.47 48.00 0.96 23.00 0.46
93.53 3.96 81.00 3.46 75.47 2.96 70.20 2.46 65.20 1.96 56.57 1.46 47.50 0.95 22.50 0.45
93.17 3.95 80.88 3.45 75.33 2.95 70.13 2.45 65.00 1.95 56.43 1.45 47.00 0.94 22.00 0.44
92.80 3.94 80.75 3.44 75.20 2.94 70.05 2.44 64.80 1.94 56.29 1.44 46.50 0.93 21.50 0.43
92.43 3.93 80.63 3.43 75.07 2.93 69.98 2.43 64.60 1.93 56.14 1.43 46.00 0.92 21.00 0.42
92.07 3.92 80.50 3.42 74.93 2.92 69.90 2.42 64.40 1.92 56.00 1.42 45.50 0.91 20.50 0.41
91.70 3.91 80.38 3.41 74.80 2.91 69.83 2.41 64.20 1.91 55.86 1.41 45.00 0.90 20.00 0.40
91.33 3.90 80.25 3.40 74.67 2.90 69.75 2.40 64.00 1.90 55.71 1.40 44.50 0.89 19.50 0.39
90.97 3.89 80.13 3.39 74.53 2.89 69.68 2.39 63.80 1.89 55.57 1.39 44.00 0.88 19.00 0.38
90.60 3.88 80.00 3.38 74.40 2.88 69.60 2.38 63.60 1.88 55.43 1.38 43.50 0.87 18.50 0.37
90.23 3.87 79.88 3.37 74.27 2.87 69.53 2.37 63.40 1.87 55.29 1.37 43.00 0.86 18.00 0.36
89.87 3.86 79.75 3.36 74.13 2.86 69.45 2.36 63.20 1.86 55.14 1.36 42.50 0.85 17.50 0.35
89.50 3.85 79.63 3.35 74.00 2.85 69.38 2.35 63.00 1.85 55.00 1.35 42.00 0.84 17.00 0.34
89.13 3.84 79.50 3.34 73.87 2.84 69.30 2.34 62.80 1.84 54.86 1.34 41.50 0.83 16.50 0.33
88.77 3.83 79.38 3.33 73.73 2.83 69.23 2.33 62.60 1.83 54.71 1.33 41.00 0.82 16.00 0.32
88.40 3.82 79.25 3.32 73.60 2.82 69.15 2.32 62.40 1.82 54.57 1.32 40.50 0.81 15.50 0.31
88.03 3.81 79.13 3.31 73.47 2.81 69.08 2.31 62.20 1.81 54.43 1.31 40.00 0.80 15.00 0.30
87.67 3.80 79.00 3.30 73.33 2.80 69.00 2.30 62.00 1.80 54.29 1.30 39.50 0.79 14.50 0.29
87.30 3.79 78.90 3.29 73.20 2.79 68.90 2.29 61.80 1.79 54.14 1.29 39.00 0.78 14.00 0.28
86.93 3.78 78.80 3.28 73.07 2.78 68.80 2.28 61.60 1.78 54.00 1.28 38.50 0.77 13.50 0.27
86.57 3.77 78.70 3.27 72.93 2.77 68.70 2.27 61.40 1.77 53.86 1.27 38.00 0.76 13.00 0.26
86.20 3.76 78.60 3.26 72.80 2.76 68.60 2.26 61.20 1.76 53.71 1.26 37.50 0.75 12.50 0.25
85.83 3.75 78.50 3.25 72.67 2.75 68.50 2.25 61.00 1.75 53.57 1.25 37.00 0.74 12.00 0.24
85.47 3.74 78.40 3.24 72.53 2.74 68.40 2.24 60.80 1.74 53.43 1.24 36.50 0.73 11.50 0.23
85.10 3.73 78.30 3.23 72.40 2.73 68.30 2.23 60.60 1.73 53.29 1.23 36.00 0.72 11.00 0.22
84.73 3.72 78.20 3.22 72.27 2.72 68.20 2.22 60.40 1.72 53.14 1.22 35.50 0.71 10.50 0.21
84.37 3.71 78.10 3.21 72.13 2.71 68.10 2.21 60.20 1.71 53.00 1.21 35.00 0.70 10.00 0.20
84.00 3.70 78.00 3.20 72.00 2.70 68.00 2.20 60.00 1.70 52.86 1.20 34.50 0.69 9.50 0.19
83.88 3.69 77.90 3.19 71.93 2.69 67.90 2.19 59.86 1.69 52.71 1.19 34.00 0.68 9.00 0.18
83.75 3.68 77.80 3.18 71.85 2.68 67.80 2.18 59.71 1.68 52.57 1.18 33.50 0.67 8.50 0.17
83.63 3.67 77.70 3.17 71.78 2.67 67.70 2.17 59.57 1.67 52.43 1.17 33.00 0.66 8.00 0.16
83.50 3.66 77.60 3.16 71.70 2.66 67.60 2.16 59.43 1.66 52.29 1.16 32.50 0.65 7.50 0.15
83.38 3.65 77.50 3.15 71.63 2.65 67.50 2.15 59.29 1.65 52.14 1.15 32.00 0.64 7.00 0.14
83.25 3.64 77.40 3.14 71.55 2.64 67.40 2.14 59.14 1.64 52.00 1.14 31.50 0.63 6.50 0.13
83.13 3.63 77.30 3.13 71.48 2.63 67.30 2.13 59.00 1.63 51.86 1.13 31.00 0.62 6.00 0.12
83.00 3.62 77.20 3.12 71.40 2.62 67.20 2.12 58.86 1.62 51.71 1.12 30.50 0.61 5.50 0.11
82.88 3.61 77.10 3.11 71.33 2.61 67.10 2.11 58.71 1.61 51.57 1.11 30.00 0.60 5.00 0.10
82.75 3.60 77.00 3.10 71.25 2.60 67.00 2.10 58.57 1.60 51.43 1.10 29.50 0.59 4.50 0.09
82.63 3.59 76.90 3.09 71.18 2.59 66.90 2.09 58.43 1.59 51.29 1.09 29.00 0.58 4.00 0.08
82.50 3.58 76.80 3.08 71.10 2.58 66.80 2.08 58.29 1.58 51.14 1.08 28.50 0.57 3.50 0.07
82.38 3.57 76.70 3.07 71.03 2.57 66.70 2.07 58.14 1.57 51.00 1.07 28.00 0.56 3.00 0.06
82.25 3.56 76.60 3.06 70.95 2.56 66.60 2.06 58.00 1.56 50.86 1.06 27.50 0.55 2.50 0.05
82.13 3.55 76.50 3.05 70.88 2.55 66.50 2.05 57.86 1.55 50.71 1.05 27.00 0.54 2.00 0.04
82.00 3.54 76.40 3.04 70.80 2.54 66.40 2.04 57.71 1.54 50.57 1.04 26.50 0.53 1.50 0.03
81.88 3.53 76.30 3.03 70.73 2.53 66.30 2.03 57.57 1.53 50.43 1.03 26.00 0.52 1.00 0.02
81.75 3.52 76.20 3.02 70.65 2.52 66.20 2.02 57.43 1.52 50.29 1.02 25.50 0.51 0.50 0.01
81.63 3.51 76.10 3.01 70.58 2.51 66.10 2.01 57.29 1.51 50.14 1.01 25.00 0.50 0.00 0.00
50.00 1.00
